768
9
46
46
0 1 1 45 69 6 (D 0,1,1) (S 20,1,5) (S 21,5,11) (S 46,11,1) (S 24,1,20) (S 28,20,21) (S 44,4,5) (D 0,1,1)
0 1 2 45 97 5 (D 0,1,2) (S 30,1,19) (S 13,19,19) (S 36,19,22) (S 15,23,23) (S 42,13,17) (D 0,1,2)
0 1 3 44 90 8 (D 0,1,3) (S 33,1,11) (S 29,5,4) (S 37,5,6) (S 19,6,11) (S 1,2,2) (S 26,2,10) (S 40,10,2) (S 35,16,17) (D 0,1,3)
0 1 4 45 109 6 (D 0,1,4) (S 34,1,9) (S 32,9,19) (S 43,19,9) (S 2,3,3) (S 22,22,23) (S 41,17,16) (D 0,1,4)
0 1 5 45 110 6 (D 0,1,5) (S 23,3,4) (S 17,2,5) (S 31,20,15) (S 9,15,15) (S 39,15,20) (S 5,8,8) (D 0,1,5)
0 1 6 44 100 4 (D 0,1,6) (S 14,21,21) (S 16,21,23) (S 27,24,21) (S 4,7,7) (D 0,1,6)
0 1 7 44 73 3 (D 0,1,7) (S 3,6,6) (S 18,7,13) (S 7,13,13) (D 0,1,7)
0 1 8 33 67 7 (D 0,1,8) (S 38,7,6) (S 6,12,12) (S 25,12,16) (S 10,16,16) (S 11,17,17) (S 45,17,18) (S 12,18,18) (D 0,1,8)
0 1 9 13 53 1 (D 0,1,9) (S 8,14,14) (D 0,1,9)
