41700
23
98
98
0 1 1 1473 2070 7 (D 0,1,1) (S 11,1,10) (S 22,10,11) (S 24,11,18) (S 34,18,19) (S 35,19,20) (S 38,20,33) (S 30,15,16) (D 0,1,1)
0 1 2 1468 1760 5 (D 0,1,2) (S 12,1,11) (S 25,11,19) (S 36,19,31) (S 5,32,32) (S 90,20,21) (D 0,1,2)
0 1 3 1466 1764 4 (D 0,1,3) (S 13,2,3) (S 14,3,4) (S 16,4,5) (S 17,5,6) (D 0,1,3)
0 1 4 1444 1611 4 (D 0,1,4) (S 23,10,17) (S 2,17,17) (S 32,17,18) (S 54,30,31) (D 0,1,4)
0 1 5 1445 1807 6 (D 0,1,5) (S 88,11,2) (S 15,3,12) (S 26,12,13) (S 28,13,20) (S 6,33,33) (S 91,21,22) (D 0,1,5)
0 1 6 1473 1656 4 (D 0,1,6) (S 33,17,29) (S 4,29,29) (S 53,29,42) (S 78,42,43) (D 0,1,6)
0 1 7 1447 1849 6 (D 0,1,7) (S 52,29,30) (S 55,30,43) (S 79,43,44) (S 80,44,45) (S 81,46,47) (S 63,35,36) (D 0,1,7)
0 1 8 1462 1803 4 (D 0,1,8) (S 27,12,19) (S 89,12,11) (S 56,31,44) (S 57,32,33) (D 0,1,8)
0 1 9 1462 1943 5 (D 0,1,9) (S 58,32,44) (S 9,45,45) (S 95,46,45) (S 59,33,34) (S 65,36,48) (D 0,1,9)
0 1 10 1446 1850 4 (D 0,1,10) (S 37,20,32) (S 60,33,45) (S 61,34,35) (S 39,21,34) (D 0,1,10)
0 1 11 1464 1888 4 (D 0,1,11) (S 18,5,14) (S 29,14,22) (S 40,22,23) (S 67,37,38) (D 0,1,11)
0 1 12 1409 1960 7 (D 0,1,12) (S 62,34,46) (S 96,47,48) (S 82,48,49) (S 97,49,50) (S 10,50,50) (S 83,50,51) (S 85,52,53) (D 0,1,12)
0 1 13 1449 1885 3 (D 0,1,13) (S 41,22,36) (S 64,36,37) (S 70,38,50) (D 0,1,13)
0 1 14 1444 1943 6 (D 0,1,14) (S 7,35,35) (S 93,35,22) (S 42,23,24) (S 44,24,37) (S 71,38,51) (S 98,50,49) (D 0,1,14)
0 1 15 1413 1825 4 (D 0,1,15) (S 1,6,6) (S 19,6,7) (S 20,7,25) (S 92,25,24) (D 0,1,15)
0 1 16 1396 1921 3 (D 0,1,16) (S 43,23,36) (S 66,36,49) (S 47,26,27) (D 0,1,16)
0 1 17 1381 1955 5 (D 0,1,17) (S 86,7,8) (S 21,9,16) (S 31,16,28) (S 51,28,41) (S 75,40,52) (D 0,1,17)
0 1 18 1359 1888 4 (D 0,1,18) (S 45,24,38) (S 69,38,39) (S 8,39,39) (S 76,40,53) (D 0,1,18)
0 1 19 1255 1785 3 (D 0,1,19) (S 68,37,49) (S 84,51,52) (S 94,40,26) (D 0,1,19)
0 1 20 1312 1805 3 (D 0,1,20) (S 3,25,25) (S 46,25,38) (S 72,39,40) (D 0,1,20)
0 1 21 1294 1875 3 (D 0,1,21) (S 48,26,39) (S 73,39,51) (S 49,27,28) (D 0,1,21)
0 1 22 1308 1926 3 (D 0,1,22) (S 87,9,8) (S 50,27,40) (S 74,40,41) (D 0,1,22)
0 1 23 387 931 1 (D 0,1,23) (S 77,41,53) (D 0,1,23)
