421
7
24
24
0 1 1 41 65 6 (D 0,1,1) (S 8,1,6) (S 5,6,6) (S 2,3,3) (S 20,3,7) (S 7,7,9) (S 13,4,2) (D 0,1,1)
0 1 2 37 72 4 (D 0,1,2) (S 12,1,9) (S 19,9,10) (S 6,7,7) (S 22,3,8) (D 0,1,2)
0 1 3 40 59 3 (D 0,1,3) (S 15,1,8) (S 14,8,9) (S 4,5,5) (D 0,1,3)
0 1 4 38 71 4 (D 0,1,4) (S 16,7,10) (S 17,7,8) (S 18,8,10) (S 24,3,6) (D 0,1,4)
0 1 5 40 57 3 (D 0,1,5) (S 3,4,4) (S 23,4,1) (S 9,5,7) (D 0,1,5)
0 1 6 38 69 3 (D 0,1,6) (S 11,5,9) (S 1,2,2) (S 10,2,5) (D 0,1,6)
0 1 7 11 28 1 (D 0,1,7) (S 21,2,3) (D 0,1,7)
