203
7
24
24
0 1 1 27 38 7 (D 0,1,1) (S 9,1,9) (S 19,9,10) (S 8,10,10) (S 7,8,8) (S 16,2,9) (S 12,6,9) (S 18,6,11) (D 0,1,1)
0 1 2 27 29 6 (D 0,1,2) (S 11,1,11) (S 15,1,2) (S 14,2,4) (S 17,4,7) (S 6,7,7) (S 10,7,11) (D 0,1,2)
0 1 3 27 30 3 (D 0,1,3) (S 20,1,8) (S 1,2,2) (S 22,2,8) (D 0,1,3)
0 1 4 19 34 5 (D 0,1,4) (S 24,1,5) (S 4,5,5) (S 13,7,10) (S 21,7,9) (S 23,7,8) (D 0,1,4)
0 1 5 22 26 1 (D 0,1,5) (S 2,3,3) (D 0,1,5)
0 1 6 15 21 1 (D 0,1,6) (S 3,4,4) (D 0,1,6)
0 1 7 17 25 1 (D 0,1,7) (S 5,6,6) (D 0,1,7)
