245
8
36
36
0 1 1 27 30 8 (D 0,1,1) (S 10,1,7) (S 6,7,7) (S 14,7,10) (S 8,10,10) (S 2,3,3) (S 15,3,7) (S 25,1,5) (S 11,5,8) (D 0,1,1)
0 1 2 27 29 4 (D 0,1,2) (S 24,1,8) (S 9,8,9) (S 7,9,9) (S 19,4,7) (D 0,1,2)
0 1 3 27 30 4 (D 0,1,3) (S 27,1,9) (S 3,4,4) (S 29,4,6) (S 13,6,10) (D 0,1,3)
0 1 4 27 32 6 (D 0,1,4) (S 31,1,4) (S 30,4,11) (S 22,7,9) (S 33,4,10) (S 17,3,10) (S 28,3,5) (D 0,1,4)
0 1 5 26 33 4 (D 0,1,5) (S 32,1,3) (S 20,3,9) (S 1,2,2) (S 23,6,9) (D 0,1,5)
0 1 6 25 30 4 (D 0,1,6) (S 36,1,11) (S 16,2,5) (S 4,5,5) (S 18,6,7) (D 0,1,6)
0 1 7 22 29 3 (D 0,1,7) (S 5,6,6) (S 12,5,10) (S 26,2,3) (D 0,1,7)
0 1 8 24 32 3 (D 0,1,8) (S 21,3,11) (S 34,2,4) (S 35,5,11) (D 0,1,8)
