22588
12
50
50
0 1 1 1541 1699 3 (D 0,1,1) (S 7,1,2) (S 9,2,3) (S 1,3,3) (D 0,1,1)
0 1 2 1508 1980 6 (D 0,1,2) (S 8,1,6) (S 16,6,7) (S 18,7,8) (S 19,8,9) (S 21,9,14) (S 6,24,24) (D 0,1,2)
0 1 3 1536 2063 6 (D 0,1,3) (S 10,2,7) (S 46,8,13) (S 26,13,14) (S 3,14,14) (S 28,14,15) (S 50,26,25) (D 0,1,3)
0 1 4 1484 1838 5 (D 0,1,4) (S 17,6,11) (S 2,11,11) (S 23,11,18) (S 32,18,19) (S 35,19,24) (D 0,1,4)
0 1 5 1532 1963 6 (D 0,1,5) (S 11,3,4) (S 13,4,5) (S 15,5,10) (S 22,10,15) (S 4,15,15) (S 5,22,22) (D 0,1,5)
0 1 6 1439 1955 5 (D 0,1,6) (S 12,3,8) (S 20,9,10) (S 29,15,22) (S 38,21,28) (S 49,21,17) (D 0,1,6)
0 1 7 1540 2082 5 (D 0,1,7) (S 47,11,12) (S 24,12,13) (S 27,13,17) (S 37,20,27) (S 45,28,29) (D 0,1,7)
0 1 8 1482 2089 4 (D 0,1,8) (S 14,4,9) (S 25,12,16) (S 30,16,17) (S 40,23,24) (D 0,1,8)
0 1 9 1366 1841 3 (D 0,1,9) (S 48,12,7) (S 33,18,23) (S 41,23,25) (D 0,1,9)
0 1 10 1371 1803 3 (D 0,1,10) (S 31,16,19) (S 34,19,20) (S 44,27,28) (D 0,1,10)
0 1 11 922 1328 2 (D 0,1,11) (S 42,24,26) (S 43,26,27) (D 0,1,11)
0 1 12 1372 1947 2 (D 0,1,12) (S 36,20,21) (S 39,22,29) (D 0,1,12)
