50635
26
91
91
0 1 1 1544 1947 4 (D 0,1,1) (S 42,22,23) (S 44,23,24) (S 46,24,32) (S 56,29,37) (D 0,1,1)
0 1 2 1546 1969 5 (D 0,1,2) (S 43,22,30) (S 58,30,31) (S 60,31,32) (S 62,32,40) (S 57,29,38) (D 0,1,2)
0 1 3 1472 1767 3 (D 0,1,3) (S 59,30,39) (S 75,39,40) (S 77,40,41) (D 0,1,3)
0 1 4 1538 1984 4 (D 0,1,4) (S 45,23,31) (S 61,31,40) (S 78,40,51) (S 71,37,38) (D 0,1,4)
0 1 5 1511 1904 4 (D 0,1,5) (S 40,21,22) (S 41,21,29) (S 55,29,30) (S 76,39,50) (D 0,1,5)
0 1 6 1550 2053 4 (D 0,1,6) (S 23,12,13) (S 25,13,14) (S 27,14,24) (S 91,51,52) (D 0,1,6)
0 1 7 1544 1842 4 (D 0,1,7) (S 24,12,22) (S 32,17,21) (S 30,16,17) (S 31,16,21) (D 0,1,7)
0 1 8 1540 2045 4 (D 0,1,8) (S 26,13,23) (S 11,6,7) (S 13,7,14) (S 20,10,16) (D 0,1,8)
0 1 9 1477 1774 3 (D 0,1,9) (S 21,11,12) (S 9,5,6) (S 12,6,13) (D 0,1,9)
0 1 10 1527 2030 5 (D 0,1,10) (S 22,11,17) (S 28,15,16) (S 29,15,20) (S 18,10,11) (S 5,3,4) (D 0,1,10)
0 1 11 1466 1772 3 (D 0,1,11) (S 37,20,21) (S 38,20,28) (S 53,28,29) (D 0,1,11)
0 1 12 1563 2274 4 (D 0,1,12) (S 39,20,29) (S 73,38,39) (S 90,50,51) (S 17,9,19) (D 0,1,12)
0 1 13 1436 1948 4 (D 0,1,13) (S 10,5,12) (S 7,4,5) (S 8,4,11) (S 16,9,10) (D 0,1,13)
0 1 14 1454 1889 3 (D 0,1,14) (S 19,10,15) (S 54,28,37) (S 88,48,49) (D 0,1,14)
0 1 15 1554 2245 4 (D 0,1,15) (S 63,32,41) (S 79,41,52) (S 89,49,50) (S 84,44,47) (D 0,1,15)
0 1 16 1467 1977 3 (D 0,1,16) (S 74,38,49) (S 72,37,48) (S 87,47,48) (D 0,1,16)
0 1 17 1523 1906 3 (D 0,1,17) (S 35,19,20) (S 36,19,26) (S 51,27,28) (D 0,1,17)
0 1 18 1520 2309 5 (D 0,1,18) (S 6,3,10) (S 3,2,3) (S 4,2,9) (S 14,8,9) (S 48,25,33) (D 0,1,18)
0 1 19 1470 2028 4 (D 0,1,19) (S 52,27,36) (S 70,36,37) (S 68,35,36) (S 83,43,46) (D 0,1,19)
0 1 20 1312 1700 2 (D 0,1,20) (S 49,26,27) (S 50,26,35) (D 0,1,20)
0 1 21 1315 1768 3 (D 0,1,21) (S 33,18,19) (S 34,18,25) (S 47,25,26) (D 0,1,21)
0 1 22 1505 1949 3 (D 0,1,22) (S 69,35,44) (S 82,43,44) (S 66,34,35) (D 0,1,22)
0 1 23 1490 2059 3 (D 0,1,23) (S 15,8,18) (S 64,33,34) (S 65,33,42) (D 0,1,23)
0 1 24 1552 2076 3 (D 0,1,24) (S 67,34,43) (S 80,42,43) (S 81,42,45) (D 0,1,24)
0 1 25 1504 2227 3 (D 0,1,25) (S 1,1,2) (S 2,1,8) (S 86,46,47) (D 0,1,25)
0 1 26 708 1193 1 (D 0,1,26) (S 85,45,46) (D 0,1,26)
