428
7
26
26
0 1 1 40 60 5 (D 0,1,1) (S 10,1,4) (S 2,4,4) (S 14,4,2) (S 17,2,8) (S 4,7,7) (D 0,1,1)
0 1 2 41 61 3 (D 0,1,2) (S 11,1,7) (S 12,7,8) (S 5,8,8) (D 0,1,2)
0 1 3 39 54 6 (D 0,1,3) (S 21,1,5) (S 3,5,5) (S 18,5,6) (S 9,6,7) (S 24,1,6) (S 22,6,9) (D 0,1,3)
0 1 4 37 90 5 (D 0,1,4) (S 16,7,10) (S 8,3,8) (S 7,8,10) (S 13,3,7) (S 25,3,6) (D 0,1,4)
0 1 5 41 77 4 (D 0,1,5) (S 23,4,5) (S 26,5,7) (S 15,3,1) (S 19,9,10) (D 0,1,5)
0 1 6 31 48 2 (D 0,1,6) (S 1,2,2) (S 20,2,3) (D 0,1,6)
0 1 7 16 38 1 (D 0,1,7) (S 6,9,9) (D 0,1,7)
