761
8
48
48
0 1 1 45 63 5 (D 0,1,1) (S 28,1,19) (S 10,19,19) (S 24,19,20) (S 39,20,15) (S 27,4,5) (D 0,1,1)
0 1 2 45 85 7 (D 0,1,2) (S 32,1,9) (S 40,9,19) (S 41,19,9) (S 15,3,9) (S 16,3,4) (S 30,5,4) (S 31,16,17) (D 0,1,2)
0 1 3 45 86 7 (D 0,1,3) (S 2,5,5) (S 18,5,11) (S 6,11,11) (S 42,11,1) (S 22,3,10) (S 5,10,10) (S 38,13,17) (D 0,1,3)
0 1 4 45 96 4 (D 0,1,4) (S 11,20,20) (S 36,20,21) (S 12,21,21) (S 9,17,17) (D 0,1,4)
0 1 5 44 74 7 (D 0,1,5) (S 1,2,2) (S 14,2,5) (S 3,6,6) (S 35,6,7) (S 17,7,13) (S 26,17,13) (S 48,17,16) (D 0,1,5)
0 1 6 45 136 8 (D 0,1,6) (S 8,15,15) (S 37,15,21) (S 46,21,15) (S 25,24,21) (S 21,23,24) (S 23,22,23) (S 29,12,11) (S 45,18,17) (D 0,1,6)
0 1 7 44 125 5 (D 0,1,7) (S 20,6,11) (S 44,6,5) (S 7,12,12) (S 47,16,15) (S 43,8,14) (D 0,1,7)
0 1 8 45 96 5 (D 0,1,8) (S 4,7,7) (S 13,13,14) (S 19,14,18) (S 34,17,12) (S 33,14,8) (D 0,1,8)
